TITLE     = "curvature of lines"
VARIABLES = "x"
"y"
"z"
"arci"
"arcj"
"arck"
"curvi"
"curvj"
"curvk"
ZONE T="CURV"
 STRANDID=0, SOLUTIONTIME=0
 I=385, J=1, K=1, ZONETYPE=Ordered
 DATAPACKING=POINT
 DT=(SINGLE SINGLE SINGLE SINGLE SINGLE SINGLE SINGLE SINGLE SINGLE )
 1.000000000E+00 -2.009849995E-03 -5.000000000E-01 0.000000000E+00 0.000000000E+00 0.000000000E+00 0.000000000E+00 0.000000000E+00 0.000000000E+00
 9.996050000E-01 -1.948900055E-03 -5.000000000E-01 4.000290064E-04 0.000000000E+00 0.000000000E+00 6.722000241E-02 0.000000000E+00 0.000000000E+00
 9.991890192E-01 -1.884810044E-03 -5.000000000E-01 8.206809871E-04 0.000000000E+00 0.000000000E+00 2.599860132E-01 0.000000000E+00 0.000000000E+00
 9.987519979E-01 -1.817460055E-03 -5.000000000E-01 1.263099955E-03 0.000000000E+00 0.000000000E+00 3.214110136E-01 0.000000000E+00 0.000000000E+00
 9.982920289E-01 -1.746710041E-03 -5.000000000E-01 1.728300005E-03 0.000000000E+00 0.000000000E+00 4.799259901E-01 0.000000000E+00 0.000000000E+00
 9.978079796E-01 -1.672419952E-03 -5.000000000E-01 2.217489993E-03 0.000000000E+00 0.000000000E+00 6.430940032E-01 0.000000000E+00 0.000000000E+00
 9.973000288E-01 -1.594469999E-03 -5.000000000E-01 2.731909975E-03 0.000000000E+00 0.000000000E+00 7.406769991E-01 0.000000000E+00 0.000000000E+00
 9.967650175E-01 -1.512710005E-03 -5.000000000E-01 3.272779984E-03 0.000000000E+00 0.000000000E+00 8.840690255E-01 0.000000000E+00 0.000000000E+00
 9.962030053E-01 -1.427039970E-03 -5.000000000E-01 3.841409925E-03 0.000000000E+00 0.000000000E+00 1.085080028E+00 0.000000000E+00 0.000000000E+00
 9.956120253E-01 -1.337329973E-03 -5.000000000E-01 4.439270124E-03 0.000000000E+00 0.000000000E+00 1.184520006E+00 0.000000000E+00 0.000000000E+00
 9.949910045E-01 -1.243480016E-03 -5.000000000E-01 5.067760125E-03 0.000000000E+00 0.000000000E+00 1.223029971E+00 0.000000000E+00 0.000000000E+00
 9.943370223E-01 -1.145340037E-03 -5.000000000E-01 5.728410091E-03 0.000000000E+00 0.000000000E+00 1.239660025E+00 0.000000000E+00 0.000000000E+00
 9.936500192E-01 -1.042749966E-03 -5.000000000E-01 6.422920153E-03 0.000000000E+00 0.000000000E+00 1.195799947E+00 0.000000000E+00 0.000000000E+00
 9.929280281E-01 -9.355429793E-04 -5.000000000E-01 7.152820006E-03 0.000000000E+00 0.000000000E+00 1.216510057E+00 0.000000000E+00 0.000000000E+00
 9.921690226E-01 -8.235570276E-04 -5.000000000E-01 7.919990458E-03 0.000000000E+00 0.000000000E+00 1.197880030E+00 0.000000000E+00 0.000000000E+00
 9.913719893E-01 -7.066230173E-04 -5.000000000E-01 8.726200089E-03 0.000000000E+00 0.000000000E+00 1.188830018E+00 0.000000000E+00 0.000000000E+00
 9.905329943E-01 -5.845699925E-04 -5.000000000E-01 9.573380463E-03 0.000000000E+00 0.000000000E+00 1.185430050E+00 0.000000000E+00 0.000000000E+00
 9.896519780E-01 -4.572310136E-04 -5.000000000E-01 1.046360005E-02 0.000000000E+00 0.000000000E+00 1.175439954E+00 0.000000000E+00 0.000000000E+00
 9.887269735E-01 -3.244359978E-04 -5.000000000E-01 1.139879972E-02 0.000000000E+00 0.000000000E+00 1.177899957E+00 0.000000000E+00 0.000000000E+00
 9.877539873E-01 -1.860159973E-04 -5.000000000E-01 1.238139998E-02 0.000000000E+00 0.000000000E+00 1.149940014E+00 0.000000000E+00 0.000000000E+00
 9.867320061E-01 -4.180680116E-05 -5.000000000E-01 1.341350004E-02 0.000000000E+00 0.000000000E+00 1.170519948E+00 0.000000000E+00 0.000000000E+00
 9.856579900E-01 1.083379975E-04 -5.000000000E-01 1.449759956E-02 0.000000000E+00 0.000000000E+00 1.181229949E+00 0.000000000E+00 0.000000000E+00
 9.845299721E-01 2.645509958E-04 -5.000000000E-01 1.563620009E-02 0.000000000E+00 0.000000000E+00 1.181859970E+00 0.000000000E+00 0.000000000E+00
 9.833459854E-01 4.269499914E-04 -5.000000000E-01 1.683180034E-02 0.000000000E+00 0.000000000E+00 1.207280040E+00 0.000000000E+00 0.000000000E+00
 9.821019769E-01 5.956380046E-04 -5.000000000E-01 1.808729954E-02 0.000000000E+00 0.000000000E+00 1.211470008E+00 0.000000000E+00 0.000000000E+00
 9.807950258E-01 7.706980105E-04 -5.000000000E-01 1.940529980E-02 0.000000000E+00 0.000000000E+00 1.230900049E+00 0.000000000E+00 0.000000000E+00
 9.794239998E-01 9.521910106E-04 -5.000000000E-01 2.078899927E-02 0.000000000E+00 0.000000000E+00 1.229320049E+00 0.000000000E+00 0.000000000E+00
 9.779840112E-01 1.140170032E-03 -5.000000000E-01 2.224119939E-02 0.000000000E+00 0.000000000E+00 1.222609997E+00 0.000000000E+00 0.000000000E+00
 9.764720201E-01 1.334690023E-03 -5.000000000E-01 2.376520075E-02 0.000000000E+00 0.000000000E+00 1.208649993E+00 0.000000000E+00 0.000000000E+00
 9.748860002E-01 1.535819960E-03 -5.000000000E-01 2.536440082E-02 0.000000000E+00 0.000000000E+00 1.190979958E+00 0.000000000E+00 0.000000000E+00
 9.732210040E-01 1.743569970E-03 -5.000000000E-01 2.704210021E-02 0.000000000E+00 0.000000000E+00 1.179790020E+00 0.000000000E+00 0.000000000E+00
 9.714739919E-01 1.957959961E-03 -5.000000000E-01 2.880210057E-02 0.000000000E+00 0.000000000E+00 1.165709972E+00 0.000000000E+00 0.000000000E+00
 9.696419835E-01 2.178950002E-03 -5.000000000E-01 3.064779937E-02 0.000000000E+00 0.000000000E+00 1.180379987E+00 0.000000000E+00 0.000000000E+00
 9.677190185E-01 2.406399930E-03 -5.000000000E-01 3.258319944E-02 0.000000000E+00 0.000000000E+00 1.193019986E+00 0.000000000E+00 0.000000000E+00
 9.657040238E-01 2.640079940E-03 -5.000000000E-01 3.461230174E-02 0.000000000E+00 0.000000000E+00 1.207440019E+00 0.000000000E+00 0.000000000E+00
 9.635909796E-01 2.879719948E-03 -5.000000000E-01 3.673920035E-02 0.000000000E+00 0.000000000E+00 1.224349976E+00 0.000000000E+00 0.000000000E+00
 9.613749981E-01 3.124949988E-03 -5.000000000E-01 3.896800056E-02 0.000000000E+00 0.000000000E+00 1.254660010E+00 0.000000000E+00 0.000000000E+00
 9.590529799E-01 3.375249915E-03 -5.000000000E-01 4.130339995E-02 0.000000000E+00 0.000000000E+00 1.281929970E+00 0.000000000E+00 0.000000000E+00
 9.566199780E-01 3.629979910E-03 -5.000000000E-01 4.374960065E-02 0.000000000E+00 0.000000000E+00 1.313680053E+00 0.000000000E+00 0.000000000E+00
 9.540719986E-01 3.888359992E-03 -5.000000000E-01 4.631150141E-02 0.000000000E+00 0.000000000E+00 1.340549946E+00 0.000000000E+00 0.000000000E+00
 9.514020085E-01 4.149499815E-03 -5.000000000E-01 4.899369925E-02 0.000000000E+00 0.000000000E+00 1.371870041E+00 0.000000000E+00 0.000000000E+00
 9.486070275E-01 4.412330221E-03 -5.000000000E-01 5.180130154E-02 0.000000000E+00 0.000000000E+00 1.401800036E+00 0.000000000E+00 0.000000000E+00
 9.456809759E-01 4.675569944E-03 -5.000000000E-01 5.473919958E-02 0.000000000E+00 0.000000000E+00 1.436229944E+00 0.000000000E+00 0.000000000E+00
 9.426180124E-01 4.937740043E-03 -5.000000000E-01 5.781269819E-02 0.000000000E+00 0.000000000E+00 1.473240018E+00 0.000000000E+00 0.000000000E+00
 9.394149780E-01 5.197090097E-03 -5.000000000E-01 6.102700159E-02 0.000000000E+00 0.000000000E+00 1.511530042E+00 0.000000000E+00 0.000000000E+00
 9.360640049E-01 5.451589823E-03 -5.000000000E-01 6.438759714E-02 0.000000000E+00 0.000000000E+00 1.546280026E+00 0.000000000E+00 0.000000000E+00
 9.325600266E-01 5.698970053E-03 -5.000000000E-01 6.789989769E-02 0.000000000E+00 0.000000000E+00 1.572679996E+00 0.000000000E+00 0.000000000E+00
 9.288979769E-01 5.936759990E-03 -5.000000000E-01 7.156959921E-02 0.000000000E+00 0.000000000E+00 1.593649983E+00 0.000000000E+00 0.000000000E+00
 9.250720143E-01 6.162240170E-03 -5.000000000E-01 7.540220022E-02 0.000000000E+00 0.000000000E+00 1.613600016E+00 0.000000000E+00 0.000000000E+00
 9.210759997E-01 6.372400094E-03 -5.000000000E-01 7.940369844E-02 0.000000000E+00 0.000000000E+00 1.635169983E+00 0.000000000E+00 0.000000000E+00
 9.169049859E-01 6.563839968E-03 -5.000000000E-01 8.357969671E-02 0.000000000E+00 0.000000000E+00 1.658319950E+00 0.000000000E+00 0.000000000E+00
 9.125509858E-01 6.732759997E-03 -5.000000000E-01 8.793620020E-02 0.000000000E+00 0.000000000E+00 1.682100058E+00 0.000000000E+00 0.000000000E+00
 9.080110192E-01 6.874919869E-03 -5.000000000E-01 9.247890115E-02 0.000000000E+00 0.000000000E+00 1.706959963E+00 0.000000000E+00 0.000000000E+00
 9.032769799E-01 6.985620130E-03 -5.000000000E-01 9.721390158E-02 0.000000000E+00 0.000000000E+00 1.728459954E+00 0.000000000E+00 0.000000000E+00
 8.983449936E-01 7.059730124E-03 -5.000000000E-01 1.021469980E-01 0.000000000E+00 0.000000000E+00 1.723639965E+00 0.000000000E+00 0.000000000E+00
 8.932080269E-01 7.092339918E-03 -5.000000000E-01 1.072840020E-01 0.000000000E+00 0.000000000E+00 1.708269954E+00 0.000000000E+00 0.000000000E+00
 8.878620267E-01 7.078399882E-03 -5.000000000E-01 1.126300022E-01 0.000000000E+00 0.000000000E+00 1.692569971E+00 0.000000000E+00 0.000000000E+00
 8.823009729E-01 7.012560032E-03 -5.000000000E-01 1.181920022E-01 0.000000000E+00 0.000000000E+00 1.676300049E+00 0.000000000E+00 0.000000000E+00
 8.765199780E-01 6.889139768E-03 -5.000000000E-01 1.239740029E-01 0.000000000E+00 0.000000000E+00 1.659680009E+00 0.000000000E+00 0.000000000E+00
 8.705139756E-01 6.702119950E-03 -5.000000000E-01 1.299829930E-01 0.000000000E+00 0.000000000E+00 1.641929984E+00 0.000000000E+00 0.000000000E+00
 8.642789721E-01 6.445189938E-03 -5.000000000E-01 1.362220049E-01 0.000000000E+00 0.000000000E+00 1.621449947E+00 0.000000000E+00 0.000000000E+00
 8.578119874E-01 6.111839786E-03 -5.000000000E-01 1.426990032E-01 0.000000000E+00 0.000000000E+00 1.599310040E+00 0.000000000E+00 0.000000000E+00
 8.511070013E-01 5.695329979E-03 -5.000000000E-01 1.494159997E-01 0.000000000E+00 0.000000000E+00 1.576470017E+00 0.000000000E+00 0.000000000E+00
 8.441630006E-01 5.188679788E-03 -5.000000000E-01 1.563789994E-01 0.000000000E+00 0.000000000E+00 1.553060055E+00 0.000000000E+00 0.000000000E+00
 8.369759917E-01 4.584730137E-03 -5.000000000E-01 1.635909975E-01 0.000000000E+00 0.000000000E+00 1.528830051E+00 0.000000000E+00 0.000000000E+00
 8.295440078E-01 3.876130097E-03 -5.000000000E-01 1.710570008E-01 0.000000000E+00 0.000000000E+00 1.504230022E+00 0.000000000E+00 0.000000000E+00
 8.218650222E-01 3.055430017E-03 -5.000000000E-01 1.787790060E-01 0.000000000E+00 0.000000000E+00 1.479120016E+00 0.000000000E+00 0.000000000E+00
 8.139389753E-01 2.115050098E-03 -5.000000000E-01 1.867610067E-01 0.000000000E+00 0.000000000E+00 1.453349948E+00 0.000000000E+00 0.000000000E+00
 8.057659864E-01 1.047399943E-03 -5.000000000E-01 1.950040013E-01 0.000000000E+00 0.000000000E+00 1.421730042E+00 0.000000000E+00 0.000000000E+00
 7.973440289E-01 -1.547260035E-04 -5.000000000E-01 2.035100013E-01 0.000000000E+00 0.000000000E+00 1.360350013E+00 0.000000000E+00 0.000000000E+00
 7.886760235E-01 -1.496209996E-03 -5.000000000E-01 2.122820020E-01 0.000000000E+00 0.000000000E+00 1.287909985E+00 0.000000000E+00 0.000000000E+00
 7.797629833E-01 -2.980530029E-03 -5.000000000E-01 2.213180065E-01 0.000000000E+00 0.000000000E+00 1.213289976E+00 0.000000000E+00 0.000000000E+00
 7.706059813E-01 -4.610340111E-03 -5.000000000E-01 2.306189984E-01 0.000000000E+00 0.000000000E+00 1.133939981E+00 0.000000000E+00 0.000000000E+00
 7.612069845E-01 -6.387069821E-03 -5.000000000E-01 2.401839942E-01 0.000000000E+00 0.000000000E+00 1.049340010E+00 0.000000000E+00 0.000000000E+00
 7.515689731E-01 -8.310689591E-03 -5.000000000E-01 2.500120103E-01 0.000000000E+00 0.000000000E+00 9.616429806E-01 0.000000000E+00 0.000000000E+00
 7.416960001E-01 -1.037979964E-02 -5.000000000E-01 2.601000071E-01 0.000000000E+00 0.000000000E+00 8.718129992E-01 0.000000000E+00 0.000000000E+00
 7.315909863E-01 -1.259170007E-02 -5.000000000E-01 2.704440057E-01 0.000000000E+00 0.000000000E+00 7.781190276E-01 0.000000000E+00 0.000000000E+00
 7.212579846E-01 -1.494180039E-02 -5.000000000E-01 2.810409963E-01 0.000000000E+00 0.000000000E+00 6.817809939E-01 0.000000000E+00 0.000000000E+00
 7.107020020E-01 -1.742409915E-02 -5.000000000E-01 2.918849885E-01 0.000000000E+00 0.000000000E+00 5.845729709E-01 0.000000000E+00 0.000000000E+00
 6.999260187E-01 -2.003069967E-02 -5.000000000E-01 3.029710054E-01 0.000000000E+00 0.000000000E+00 4.879139960E-01 0.000000000E+00 0.000000000E+00
 6.889380217E-01 -2.275270037E-02 -5.000000000E-01 3.142920136E-01 0.000000000E+00 0.000000000E+00 3.919050097E-01 0.000000000E+00 0.000000000E+00
 6.777420044E-01 -2.557940036E-02 -5.000000000E-01 3.258390129E-01 0.000000000E+00 0.000000000E+00 2.967259884E-01 0.000000000E+00 0.000000000E+00
 6.663439870E-01 -2.849899977E-02 -5.000000000E-01 3.376049995E-01 0.000000000E+00 0.000000000E+00 2.019570023E-01 0.000000000E+00 0.000000000E+00
 6.547510028E-01 -3.149830177E-02 -5.000000000E-01 3.495799899E-01 0.000000000E+00 0.000000000E+00 1.085499972E-01 0.000000000E+00 0.000000000E+00
 6.429700255E-01 -3.456259891E-02 -5.000000000E-01 3.617529869E-01 0.000000000E+00 0.000000000E+00 1.362069976E-02 0.000000000E+00 0.000000000E+00
 6.310080290E-01 -3.767589852E-02 -5.000000000E-01 3.741129935E-01 0.000000000E+00 0.000000000E+00 8.675099909E-02 0.000000000E+00 0.000000000E+00
 6.188750267E-01 -4.082020000E-02 -5.000000000E-01 3.866469860E-01 0.000000000E+00 0.000000000E+00 1.780979931E-01 0.000000000E+00 0.000000000E+00
 6.065769792E-01 -4.397739843E-02 -5.000000000E-01 3.993439972E-01 0.000000000E+00 0.000000000E+00 2.545860112E-01 0.000000000E+00 0.000000000E+00
 5.941259861E-01 -4.713090137E-02 -5.000000000E-01 4.121879935E-01 0.000000000E+00 0.000000000E+00 3.164289892E-01 0.000000000E+00 0.000000000E+00
 5.815330148E-01 -5.026580021E-02 -5.000000000E-01 4.251649976E-01 0.000000000E+00 0.000000000E+00 3.722240031E-01 0.000000000E+00 0.000000000E+00
 5.688099861E-01 -5.336739868E-02 -5.000000000E-01 4.382610023E-01 0.000000000E+00 0.000000000E+00 4.320409894E-01 0.000000000E+00 0.000000000E+00
 5.559700131E-01 -5.642050132E-02 -5.000000000E-01 4.514589906E-01 0.000000000E+00 0.000000000E+00 4.919979870E-01 0.000000000E+00 0.000000000E+00
 5.430259705E-01 -5.940930173E-02 -5.000000000E-01 4.647429883E-01 0.000000000E+00 0.000000000E+00 5.512250066E-01 0.000000000E+00 0.000000000E+00
 5.299929976E-01 -6.231810153E-02 -5.000000000E-01 4.780969918E-01 0.000000000E+00 0.000000000E+00 6.108459830E-01 0.000000000E+00 0.000000000E+00
 5.168849826E-01 -6.513120234E-02 -5.000000000E-01 4.915030003E-01 0.000000000E+00 0.000000000E+00 6.706560254E-01 0.000000000E+00 0.000000000E+00
 5.037180185E-01 -6.783340126E-02 -5.000000000E-01 5.049449801E-01 0.000000000E+00 0.000000000E+00 7.308560014E-01 0.000000000E+00 0.000000000E+00
 4.905079901E-01 -7.040929794E-02 -5.000000000E-01 5.184040070E-01 0.000000000E+00 0.000000000E+00 7.892289758E-01 0.000000000E+00 0.000000000E+00
 4.772709906E-01 -7.284469903E-02 -5.000000000E-01 5.318629742E-01 0.000000000E+00 0.000000000E+00 8.321869969E-01 0.000000000E+00 0.000000000E+00
 4.640249908E-01 -7.512889802E-02 -5.000000000E-01 5.453040004E-01 0.000000000E+00 0.000000000E+00 8.655940294E-01 0.000000000E+00 0.000000000E+00
 4.507879913E-01 -7.725340128E-02 -5.000000000E-01 5.587099791E-01 0.000000000E+00 0.000000000E+00 9.011629820E-01 0.000000000E+00 0.000000000E+00
 4.375790060E-01 -7.921049744E-02 -5.000000000E-01 5.720639825E-01 0.000000000E+00 0.000000000E+00 9.391769767E-01 0.000000000E+00 0.000000000E+00
 4.244149923E-01 -8.099280298E-02 -5.000000000E-01 5.853490233E-01 0.000000000E+00 0.000000000E+00 9.702309966E-01 0.000000000E+00 0.000000000E+00
 4.113140106E-01 -8.259549737E-02 -5.000000000E-01 5.985469818E-01 0.000000000E+00 0.000000000E+00 9.633849859E-01 0.000000000E+00 0.000000000E+00
 3.982959986E-01 -8.402089775E-02 -5.000000000E-01 6.116420031E-01 0.000000000E+00 0.000000000E+00 9.402379990E-01 0.000000000E+00 0.000000000E+00
 3.853799999E-01 -8.527520299E-02 -5.000000000E-01 6.246200204E-01 0.000000000E+00 0.000000000E+00 9.354069829E-01 0.000000000E+00 0.000000000E+00
 3.725819886E-01 -8.636219800E-02 -5.000000000E-01 6.374639869E-01 0.000000000E+00 0.000000000E+00 9.571400285E-01 0.000000000E+00 0.000000000E+00
 3.599190116E-01 -8.728189766E-02 -5.000000000E-01 6.501600146E-01 0.000000000E+00 0.000000000E+00 9.811040163E-01 0.000000000E+00 0.000000000E+00
 3.474070132E-01 -8.803520352E-02 -5.000000000E-01 6.626939774E-01 0.000000000E+00 0.000000000E+00 1.009760022E+00 0.000000000E+00 0.000000000E+00
 3.350619972E-01 -8.862280101E-02 -5.000000000E-01 6.750540137E-01 0.000000000E+00 0.000000000E+00 1.040570021E+00 0.000000000E+00 0.000000000E+00
 3.228960037E-01 -8.904629946E-02 -5.000000000E-01 6.872270107E-01 0.000000000E+00 0.000000000E+00 1.071259975E+00 0.000000000E+00 0.000000000E+00
 3.109239936E-01 -8.930800110E-02 -5.000000000E-01 6.992009878E-01 0.000000000E+00 0.000000000E+00 1.101650000E+00 0.000000000E+00 0.000000000E+00
 2.991589904E-01 -8.941140026E-02 -5.000000000E-01 7.109670043E-01 0.000000000E+00 0.000000000E+00 1.131680012E+00 0.000000000E+00 0.000000000E+00
 2.876110077E-01 -8.936049789E-02 -5.000000000E-01 7.225149870E-01 0.000000000E+00 0.000000000E+00 1.154729962E+00 0.000000000E+00 0.000000000E+00
 2.762930095E-01 -8.916120231E-02 -5.000000000E-01 7.338349819E-01 0.000000000E+00 0.000000000E+00 1.169360042E+00 0.000000000E+00 0.000000000E+00
 2.652119994E-01 -8.882080019E-02 -5.000000000E-01 7.449210286E-01 0.000000000E+00 0.000000000E+00 1.183279991E+00 0.000000000E+00 0.000000000E+00
 2.543779910E-01 -8.834719658E-02 -5.000000000E-01 7.557659745E-01 0.000000000E+00 0.000000000E+00 1.197080016E+00 0.000000000E+00 0.000000000E+00
 2.437980026E-01 -8.774860203E-02 -5.000000000E-01 7.663620114E-01 0.000000000E+00 0.000000000E+00 1.210850000E+00 0.000000000E+00 0.000000000E+00
 2.334789932E-01 -8.703339845E-02 -5.000000000E-01 7.767069936E-01 0.000000000E+00 0.000000000E+00 1.224370003E+00 0.000000000E+00 0.000000000E+00
 2.234250009E-01 -8.621010184E-02 -5.000000000E-01 7.867940068E-01 0.000000000E+00 0.000000000E+00 1.247130036E+00 0.000000000E+00 0.000000000E+00
 2.136410028E-01 -8.528649807E-02 -5.000000000E-01 7.966219783E-01 0.000000000E+00 0.000000000E+00 1.282559991E+00 0.000000000E+00 0.000000000E+00
 2.041299939E-01 -8.426909894E-02 -5.000000000E-01 8.061869740E-01 0.000000000E+00 0.000000000E+00 1.318459988E+00 0.000000000E+00 0.000000000E+00
 1.948940009E-01 -8.316490054E-02 -5.000000000E-01 8.154879808E-01 0.000000000E+00 0.000000000E+00 1.353870034E+00 0.000000000E+00 0.000000000E+00
 1.859360039E-01 -8.198080212E-02 -5.000000000E-01 8.245249987E-01 0.000000000E+00 0.000000000E+00 1.388389945E+00 0.000000000E+00 0.000000000E+00
 1.772550046E-01 -8.072409779E-02 -5.000000000E-01 8.332960010E-01 0.000000000E+00 0.000000000E+00 1.422099948E+00 0.000000000E+00 0.000000000E+00
 1.688520014E-01 -7.940199971E-02 -5.000000000E-01 8.418030143E-01 0.000000000E+00 0.000000000E+00 1.455180049E+00 0.000000000E+00 0.000000000E+00
 1.607249975E-01 -7.802160084E-02 -5.000000000E-01 8.500459790E-01 0.000000000E+00 0.000000000E+00 1.491029978E+00 0.000000000E+00 0.000000000E+00
 1.528729945E-01 -7.659000158E-02 -5.000000000E-01 8.580269814E-01 0.000000000E+00 0.000000000E+00 1.536380053E+00 0.000000000E+00 0.000000000E+00
 1.452929974E-01 -7.511340082E-02 -5.000000000E-01 8.657490015E-01 0.000000000E+00 0.000000000E+00 1.581429958E+00 0.000000000E+00 0.000000000E+00
 1.379829943E-01 -7.359790057E-02 -5.000000000E-01 8.732150197E-01 0.000000000E+00 0.000000000E+00 1.625399947E+00 0.000000000E+00 0.000000000E+00
 1.309390068E-01 -7.204969972E-02 -5.000000000E-01 8.804270029E-01 0.000000000E+00 0.000000000E+00 1.671329975E+00 0.000000000E+00 0.000000000E+00
 1.241559982E-01 -7.047460228E-02 -5.000000000E-01 8.873900175E-01 0.000000000E+00 0.000000000E+00 1.731410027E+00 0.000000000E+00 0.000000000E+00
 1.176320016E-01 -6.887769699E-02 -5.000000000E-01 8.941069841E-01 0.000000000E+00 0.000000000E+00 1.795760036E+00 0.000000000E+00 0.000000000E+00
 1.113599986E-01 -6.726370007E-02 -5.000000000E-01 9.005839825E-01 0.000000000E+00 0.000000000E+00 1.847509980E+00 0.000000000E+00 0.000000000E+00
 1.053349972E-01 -6.563770026E-02 -5.000000000E-01 9.068239927E-01 0.000000000E+00 0.000000000E+00 1.887210011E+00 0.000000000E+00 0.000000000E+00
 9.955299646E-02 -6.400500238E-02 -5.000000000E-01 9.128320217E-01 0.000000000E+00 0.000000000E+00 1.937240005E+00 0.000000000E+00 0.000000000E+00
 9.400639683E-02 -6.237040088E-02 -5.000000000E-01 9.186149836E-01 0.000000000E+00 0.000000000E+00 2.044929981E+00 0.000000000E+00 0.000000000E+00
 8.869030327E-02 -6.073629856E-02 -5.000000000E-01 9.241759777E-01 0.000000000E+00 0.000000000E+00 2.177269936E+00 0.000000000E+00 0.000000000E+00
 8.359889686E-02 -5.910500139E-02 -5.000000000E-01 9.295229912E-01 0.000000000E+00 0.000000000E+00 2.306050062E+00 0.000000000E+00 0.000000000E+00
 7.872640342E-02 -5.747859925E-02 -5.000000000E-01 9.346590042E-01 0.000000000E+00 0.000000000E+00 2.443769932E+00 0.000000000E+00 0.000000000E+00
 7.406680286E-02 -5.585930124E-02 -5.000000000E-01 9.395920038E-01 0.000000000E+00 0.000000000E+00 2.581549883E+00 0.000000000E+00 0.000000000E+00
 6.961409748E-02 -5.424930155E-02 -5.000000000E-01 9.443269968E-01 0.000000000E+00 0.000000000E+00 2.718110085E+00 0.000000000E+00 0.000000000E+00
 6.536179781E-02 -5.265089869E-02 -5.000000000E-01 9.488700032E-01 0.000000000E+00 0.000000000E+00 2.941819906E+00 0.000000000E+00 0.000000000E+00
 6.130440161E-02 -5.106480047E-02 -5.000000000E-01 9.532259703E-01 0.000000000E+00 0.000000000E+00 3.240910053E+00 0.000000000E+00 0.000000000E+00
 5.743639916E-02 -4.949070141E-02 -5.000000000E-01 9.574019909E-01 0.000000000E+00 0.000000000E+00 3.528379917E+00 0.000000000E+00 0.000000000E+00
 5.375219882E-02 -4.792920128E-02 -5.000000000E-01 9.614040256E-01 0.000000000E+00 0.000000000E+00 3.808690071E+00 0.000000000E+00 0.000000000E+00
 5.024620146E-02 -4.638100043E-02 -5.000000000E-01 9.652360082E-01 0.000000000E+00 0.000000000E+00 4.149730206E+00 0.000000000E+00 0.000000000E+00
 4.691269994E-02 -4.484669864E-02 -5.000000000E-01 9.689059854E-01 0.000000000E+00 0.000000000E+00 4.523429871E+00 0.000000000E+00 0.000000000E+00
 4.374650121E-02 -4.332640022E-02 -5.000000000E-01 9.724180102E-01 0.000000000E+00 0.000000000E+00 4.883820057E+00 0.000000000E+00 0.000000000E+00
 4.074190184E-02 -4.182130098E-02 -5.000000000E-01 9.757789969E-01 0.000000000E+00 0.000000000E+00 5.228429794E+00 0.000000000E+00 0.000000000E+00
 3.789319843E-02 -4.033239931E-02 -5.000000000E-01 9.789929986E-01 0.000000000E+00 0.000000000E+00 5.577950001E+00 0.000000000E+00 0.000000000E+00
 3.519469872E-02 -3.886130080E-02 -5.000000000E-01 9.820669889E-01 0.000000000E+00 0.000000000E+00 5.992869854E+00 0.000000000E+00 0.000000000E+00
 3.264100105E-02 -3.740879893E-02 -5.000000000E-01 9.850040078E-01 0.000000000E+00 0.000000000E+00 6.414730072E+00 0.000000000E+00 0.000000000E+00
 3.022659943E-02 -3.597600013E-02 -5.000000000E-01 9.878119826E-01 0.000000000E+00 0.000000000E+00 6.820700169E+00 0.000000000E+00 0.000000000E+00
 2.794600092E-02 -3.456420079E-02 -5.000000000E-01 9.904940128E-01 0.000000000E+00 0.000000000E+00 7.211180210E+00 0.000000000E+00 0.000000000E+00
 2.579369955E-02 -3.317489848E-02 -5.000000000E-01 9.930559993E-01 0.000000000E+00 0.000000000E+00 7.584980011E+00 0.000000000E+00 0.000000000E+00
 2.376399934E-02 -3.180940077E-02 -5.000000000E-01 9.955019951E-01 0.000000000E+00 0.000000000E+00 7.948629856E+00 0.000000000E+00 0.000000000E+00
 2.185150050E-02 -3.046930023E-02 -5.000000000E-01 9.978380203E-01 0.000000000E+00 0.000000000E+00 8.327110291E+00 0.000000000E+00 0.000000000E+00
 2.005079947E-02 -2.915580012E-02 -5.000000000E-01 1.000069976E+00 0.000000000E+00 0.000000000E+00 8.700449944E+00 0.000000000E+00 0.000000000E+00
 1.835660078E-02 -2.787009999E-02 -5.000000000E-01 1.002189994E+00 0.000000000E+00 0.000000000E+00 9.071390152E+00 0.000000000E+00 0.000000000E+00
 1.676370017E-02 -2.661330067E-02 -5.000000000E-01 1.004220009E+00 0.000000000E+00 0.000000000E+00 9.738030434E+00 0.000000000E+00 0.000000000E+00
 1.526769996E-02 -2.538529970E-02 -5.000000000E-01 1.006160021E+00 0.000000000E+00 0.000000000E+00 1.080949974E+01 0.000000000E+00 0.000000000E+00
 1.386530045E-02 -2.418540046E-02 -5.000000000E-01 1.008000016E+00 0.000000000E+00 0.000000000E+00 1.183629990E+01 0.000000000E+00 0.000000000E+00
 1.255279966E-02 -2.301299945E-02 -5.000000000E-01 1.009760022E+00 0.000000000E+00 0.000000000E+00 1.278639984E+01 0.000000000E+00 0.000000000E+00
 1.132639963E-02 -2.186810039E-02 -5.000000000E-01 1.011440039E+00 0.000000000E+00 0.000000000E+00 1.383880043E+01 0.000000000E+00 0.000000000E+00
 1.018259954E-02 -2.075060084E-02 -5.000000000E-01 1.013039947E+00 0.000000000E+00 0.000000000E+00 1.569859982E+01 0.000000000E+00 0.000000000E+00
 9.118880145E-03 -1.965920068E-02 -5.000000000E-01 1.014559984E+00 0.000000000E+00 0.000000000E+00 1.792729950E+01 0.000000000E+00 0.000000000E+00
 8.133419789E-03 -1.859259978E-02 -5.000000000E-01 1.016020060E+00 0.000000000E+00 0.000000000E+00 2.009140015E+01 0.000000000E+00 0.000000000E+00
 7.223850116E-03 -1.755000092E-02 -5.000000000E-01 1.017400026E+00 0.000000000E+00 0.000000000E+00 2.224970055E+01 0.000000000E+00 0.000000000E+00
 6.387619767E-03 -1.653129980E-02 -5.000000000E-01 1.018720031E+00 0.000000000E+00 0.000000000E+00 2.434670067E+01 0.000000000E+00 0.000000000E+00
 5.621899851E-03 -1.553650014E-02 -5.000000000E-01 1.019970059E+00 0.000000000E+00 0.000000000E+00 2.634860039E+01 0.000000000E+00 0.000000000E+00
 4.923619796E-03 -1.456599962E-02 -5.000000000E-01 1.021170020E+00 0.000000000E+00 0.000000000E+00 2.818330002E+01 0.000000000E+00 0.000000000E+00
 4.289419856E-03 -1.362039987E-02 -5.000000000E-01 1.022310019E+00 0.000000000E+00 0.000000000E+00 2.991150093E+01 0.000000000E+00 0.000000000E+00
 3.715819912E-03 -1.270059962E-02 -5.000000000E-01 1.023390055E+00 0.000000000E+00 0.000000000E+00 3.158889961E+01 0.000000000E+00 0.000000000E+00
 3.199290019E-03 -1.180700026E-02 -5.000000000E-01 1.024420023E+00 0.000000000E+00 0.000000000E+00 3.320249939E+01 0.000000000E+00 0.000000000E+00
 2.736289985E-03 -1.094049960E-02 -5.000000000E-01 1.025410056E+00 0.000000000E+00 0.000000000E+00 3.469300079E+01 0.000000000E+00 0.000000000E+00
 2.323250053E-03 -1.010140032E-02 -5.000000000E-01 1.026340008E+00 0.000000000E+00 0.000000000E+00 3.611180115E+01 0.000000000E+00 0.000000000E+00
 1.956660068E-03 -9.290230460E-03 -5.000000000E-01 1.027230024E+00 0.000000000E+00 0.000000000E+00 3.734880066E+01 0.000000000E+00 0.000000000E+00
 1.632989966E-03 -8.507340215E-03 -5.000000000E-01 1.028079987E+00 0.000000000E+00 0.000000000E+00 3.850759888E+01 0.000000000E+00 0.000000000E+00
 1.348849968E-03 -7.752900012E-03 -5.000000000E-01 1.028880000E+00 0.000000000E+00 0.000000000E+00 3.987250137E+01 0.000000000E+00 0.000000000E+00
 1.101130038E-03 -7.026880048E-03 -5.000000000E-01 1.029649973E+00 0.000000000E+00 0.000000000E+00 4.153279877E+01 0.000000000E+00 0.000000000E+00
 8.870050078E-04 -6.329089869E-03 -5.000000000E-01 1.030380011E+00 0.000000000E+00 0.000000000E+00 4.314450073E+01 0.000000000E+00 0.000000000E+00
 7.037799805E-04 -5.659259856E-03 -5.000000000E-01 1.031080008E+00 0.000000000E+00 0.000000000E+00 4.422859955E+01 0.000000000E+00 0.000000000E+00
 5.486410228E-04 -5.017079879E-03 -5.000000000E-01 1.031739950E+00 0.000000000E+00 0.000000000E+00 4.491279984E+01 0.000000000E+00 0.000000000E+00
 4.188040039E-04 -4.402160179E-03 -5.000000000E-01 1.032369971E+00 0.000000000E+00 0.000000000E+00 4.558629990E+01 0.000000000E+00 0.000000000E+00
 3.116950102E-04 -3.814009950E-03 -5.000000000E-01 1.032960057E+00 0.000000000E+00 0.000000000E+00 4.577230072E+01 0.000000000E+00 0.000000000E+00
 2.247840021E-04 -3.252049908E-03 -5.000000000E-01 1.033529997E+00 0.000000000E+00 0.000000000E+00 4.521480179E+01 0.000000000E+00 0.000000000E+00
 1.555530034E-04 -2.715650015E-03 -5.000000000E-01 1.034070015E+00 0.000000000E+00 0.000000000E+00 4.464580154E+01 0.000000000E+00 0.000000000E+00
 1.017440009E-04 -2.204089891E-03 -5.000000000E-01 1.034590006E+00 0.000000000E+00 0.000000000E+00 4.412400055E+01 0.000000000E+00 0.000000000E+00
 6.135339936E-05 -1.716559986E-03 -5.000000000E-01 1.035079956E+00 0.000000000E+00 0.000000000E+00 4.340530014E+01 0.000000000E+00 0.000000000E+00
 3.255370029E-05 -1.252240036E-03 -5.000000000E-01 1.035539985E+00 0.000000000E+00 0.000000000E+00 4.245610046E+01 0.000000000E+00 0.000000000E+00
 1.367870027E-05 -8.102540160E-04 -5.000000000E-01 1.035979986E+00 0.000000000E+00 0.000000000E+00 4.155319977E+01 0.000000000E+00 0.000000000E+00
 3.269399940E-06 -3.897139977E-04 -5.000000000E-01 1.036399961E+00 0.000000000E+00 0.000000000E+00 4.071089935E+01 0.000000000E+00 0.000000000E+00
 5.268359971E-08 1.026859991E-05 -5.000000000E-01 1.036800027E+00 0.000000000E+00 0.000000000E+00 3.984080124E+01 0.000000000E+00 0.000000000E+00
 3.210370096E-06 4.102519888E-04 -5.000000000E-01 1.037199974E+00 0.000000000E+00 0.000000000E+00 3.810179901E+01 0.000000000E+00 0.000000000E+00
 1.310999960E-05 8.308879915E-04 -5.000000000E-01 1.037629962E+00 0.000000000E+00 0.000000000E+00 3.569350052E+01 0.000000000E+00 0.000000000E+00
 3.033850044E-05 1.273120055E-03 -5.000000000E-01 1.038069963E+00 0.000000000E+00 0.000000000E+00 3.315409851E+01 0.000000000E+00 0.000000000E+00
 5.545909880E-05 1.737940009E-03 -5.000000000E-01 1.038529992E+00 0.000000000E+00 0.000000000E+00 3.049200058E+01 0.000000000E+00 0.000000000E+00
 8.899570093E-05 2.226379933E-03 -5.000000000E-01 1.039019942E+00 0.000000000E+00 0.000000000E+00 2.803319931E+01 0.000000000E+00 0.000000000E+00
 1.314950059E-04 2.739530057E-03 -5.000000000E-01 1.039540052E+00 0.000000000E+00 0.000000000E+00 2.682340050E+01 0.000000000E+00 0.000000000E+00
 1.838320022E-04 3.278499935E-03 -5.000000000E-01 1.040079951E+00 0.000000000E+00 0.000000000E+00 2.591390038E+01 0.000000000E+00 0.000000000E+00
 2.470210020E-04 3.844429972E-03 -5.000000000E-01 1.040650010E+00 0.000000000E+00 0.000000000E+00 2.495350075E+01 0.000000000E+00 0.000000000E+00
 3.221349907E-04 4.438499920E-03 -5.000000000E-01 1.041249990E+00 0.000000000E+00 0.000000000E+00 2.470100021E+01 0.000000000E+00 0.000000000E+00
 4.105829867E-04 5.061880220E-03 -5.000000000E-01 1.041880012E+00 0.000000000E+00 0.000000000E+00 2.603820038E+01 0.000000000E+00 0.000000000E+00
 5.145869800E-04 5.715659820E-03 -5.000000000E-01 1.042539954E+00 0.000000000E+00 0.000000000E+00 2.767860031E+01 0.000000000E+00 0.000000000E+00
 6.368299946E-04 6.400839891E-03 -5.000000000E-01 1.043239951E+00 0.000000000E+00 0.000000000E+00 2.924139977E+01 0.000000000E+00 0.000000000E+00
 7.803469780E-04 7.118300069E-03 -5.000000000E-01 1.043969989E+00 0.000000000E+00 0.000000000E+00 3.030229950E+01 0.000000000E+00 0.000000000E+00
 9.483229951E-04 7.868889719E-03 -5.000000000E-01 1.044739962E+00 0.000000000E+00 0.000000000E+00 3.129850006E+01 0.000000000E+00 0.000000000E+00
 1.144309994E-03 8.653240278E-03 -5.000000000E-01 1.045539975E+00 0.000000000E+00 0.000000000E+00 3.253639984E+01 0.000000000E+00 0.000000000E+00
 1.372460043E-03 9.471779689E-03 -5.000000000E-01 1.046390057E+00 0.000000000E+00 0.000000000E+00 3.416650009E+01 0.000000000E+00 0.000000000E+00
 1.637739944E-03 1.032449957E-02 -5.000000000E-01 1.047289968E+00 0.000000000E+00 0.000000000E+00 3.564720154E+01 0.000000000E+00 0.000000000E+00
 1.945620053E-03 1.121100038E-02 -5.000000000E-01 1.048230052E+00 0.000000000E+00 0.000000000E+00 3.560609818E+01 0.000000000E+00 0.000000000E+00
 2.300840104E-03 1.213090029E-02 -5.000000000E-01 1.049209952E+00 0.000000000E+00 0.000000000E+00 3.487609863E+01 0.000000000E+00 0.000000000E+00
 2.707920037E-03 1.308370009E-02 -5.000000000E-01 1.050250053E+00 0.000000000E+00 0.000000000E+00 3.267850113E+01 0.000000000E+00 0.000000000E+00
 3.170059994E-03 1.406919956E-02 -5.000000000E-01 1.051339984E+00 0.000000000E+00 0.000000000E+00 2.972450066E+01 0.000000000E+00 0.000000000E+00
 3.689599922E-03 1.508770045E-02 -5.000000000E-01 1.052479982E+00 0.000000000E+00 0.000000000E+00 2.746850014E+01 0.000000000E+00 0.000000000E+00
 4.269449972E-03 1.613949984E-02 -5.000000000E-01 1.053679943E+00 0.000000000E+00 0.000000000E+00 2.554080009E+01 0.000000000E+00 0.000000000E+00
 4.912860226E-03 1.722430065E-02 -5.000000000E-01 1.054939985E+00 0.000000000E+00 0.000000000E+00 2.371019936E+01 0.000000000E+00 0.000000000E+00
 5.623099860E-03 1.834229939E-02 -5.000000000E-01 1.056270003E+00 0.000000000E+00 0.000000000E+00 2.185370064E+01 0.000000000E+00 0.000000000E+00
 6.403320003E-03 1.949349977E-02 -5.000000000E-01 1.057659984E+00 0.000000000E+00 0.000000000E+00 1.992980003E+01 0.000000000E+00 0.000000000E+00
 7.256410085E-03 2.067830041E-02 -5.000000000E-01 1.059120059E+00 0.000000000E+00 0.000000000E+00 1.792950058E+01 0.000000000E+00 0.000000000E+00
 8.184920065E-03 2.189739980E-02 -5.000000000E-01 1.060649991E+00 0.000000000E+00 0.000000000E+00 1.634000015E+01 0.000000000E+00 0.000000000E+00
 9.191920049E-03 2.315160073E-02 -5.000000000E-01 1.062260032E+00 0.000000000E+00 0.000000000E+00 1.534459972E+01 0.000000000E+00 0.000000000E+00
 1.028160006E-02 2.444050089E-02 -5.000000000E-01 1.063949943E+00 0.000000000E+00 0.000000000E+00 1.460569954E+01 0.000000000E+00 0.000000000E+00
 1.145859994E-02 2.576339990E-02 -5.000000000E-01 1.065719962E+00 0.000000000E+00 0.000000000E+00 1.379920006E+01 0.000000000E+00 0.000000000E+00
 1.272770017E-02 2.711989917E-02 -5.000000000E-01 1.067569971E+00 0.000000000E+00 0.000000000E+00 1.295300007E+01 0.000000000E+00 0.000000000E+00
 1.409339998E-02 2.850940078E-02 -5.000000000E-01 1.069519997E+00 0.000000000E+00 0.000000000E+00 1.214159966E+01 0.000000000E+00 0.000000000E+00
 1.556030009E-02 2.993129939E-02 -5.000000000E-01 1.071570039E+00 0.000000000E+00 0.000000000E+00 1.135519981E+01 0.000000000E+00 0.000000000E+00
 1.713329926E-02 3.138510138E-02 -5.000000000E-01 1.073709965E+00 0.000000000E+00 0.000000000E+00 1.032859993E+01 0.000000000E+00 0.000000000E+00
 1.881619915E-02 3.287120163E-02 -5.000000000E-01 1.075950027E+00 0.000000000E+00 0.000000000E+00 9.055839539E+00 0.000000000E+00 0.000000000E+00
 2.061190084E-02 3.439160064E-02 -5.000000000E-01 1.078310013E+00 0.000000000E+00 0.000000000E+00 8.067190170E+00 0.000000000E+00 0.000000000E+00
 2.252399921E-02 3.594769910E-02 -5.000000000E-01 1.080770016E+00 0.000000000E+00 0.000000000E+00 7.296770096E+00 0.000000000E+00 0.000000000E+00
 2.455650084E-02 3.754049912E-02 -5.000000000E-01 1.083349943E+00 0.000000000E+00 0.000000000E+00 6.498219967E+00 0.000000000E+00 0.000000000E+00
 2.671330050E-02 3.917169943E-02 -5.000000000E-01 1.086060047E+00 0.000000000E+00 0.000000000E+00 5.803430080E+00 0.000000000E+00 0.000000000E+00
 2.899849974E-02 4.084309936E-02 -5.000000000E-01 1.088889956E+00 0.000000000E+00 0.000000000E+00 5.273769855E+00 0.000000000E+00 0.000000000E+00
 3.141690046E-02 4.255570099E-02 -5.000000000E-01 1.091850042E+00 0.000000000E+00 0.000000000E+00 4.753230095E+00 0.000000000E+00 0.000000000E+00
 3.397290036E-02 4.431109875E-02 -5.000000000E-01 1.094949961E+00 0.000000000E+00 0.000000000E+00 4.421470165E+00 0.000000000E+00 0.000000000E+00
 3.667220101E-02 4.610960186E-02 -5.000000000E-01 1.098199964E+00 0.000000000E+00 0.000000000E+00 4.245790005E+00 0.000000000E+00 0.000000000E+00
 3.952110186E-02 4.795049876E-02 -5.000000000E-01 1.101590037E+00 0.000000000E+00 0.000000000E+00 4.069139957E+00 0.000000000E+00 0.000000000E+00
 4.252620041E-02 4.983260110E-02 -5.000000000E-01 1.105129957E+00 0.000000000E+00 0.000000000E+00 3.882669926E+00 0.000000000E+00 0.000000000E+00
 4.569410160E-02 5.175520107E-02 -5.000000000E-01 1.108839989E+00 0.000000000E+00 0.000000000E+00 3.696530104E+00 0.000000000E+00 0.000000000E+00
 4.903110117E-02 5.371699855E-02 -5.000000000E-01 1.112709999E+00 0.000000000E+00 0.000000000E+00 3.539419889E+00 0.000000000E+00 0.000000000E+00
 5.254429951E-02 5.571670085E-02 -5.000000000E-01 1.116750002E+00 0.000000000E+00 0.000000000E+00 3.390860081E+00 0.000000000E+00 0.000000000E+00
 5.624049902E-02 5.775260180E-02 -5.000000000E-01 1.120970011E+00 0.000000000E+00 0.000000000E+00 3.236089945E+00 0.000000000E+00 0.000000000E+00
 6.012649834E-02 5.982280150E-02 -5.000000000E-01 1.125380039E+00 0.000000000E+00 0.000000000E+00 3.072730064E+00 0.000000000E+00 0.000000000E+00
 6.420899928E-02 6.192589924E-02 -5.000000000E-01 1.129969954E+00 0.000000000E+00 0.000000000E+00 2.897490025E+00 0.000000000E+00 0.000000000E+00
 6.849460304E-02 6.406039745E-02 -5.000000000E-01 1.134760022E+00 0.000000000E+00 0.000000000E+00 2.712589979E+00 0.000000000E+00 0.000000000E+00
 7.298950106E-02 6.622520089E-02 -5.000000000E-01 1.139739990E+00 0.000000000E+00 0.000000000E+00 2.524800062E+00 0.000000000E+00 0.000000000E+00
 7.769980282E-02 6.841970235E-02 -5.000000000E-01 1.144940019E+00 0.000000000E+00 0.000000000E+00 2.389539957E+00 0.000000000E+00 0.000000000E+00
 8.263199776E-02 7.064180076E-02 -5.000000000E-01 1.150349975E+00 0.000000000E+00 0.000000000E+00 2.300549984E+00 0.000000000E+00 0.000000000E+00
 8.779279888E-02 7.288859785E-02 -5.000000000E-01 1.155979991E+00 0.000000000E+00 0.000000000E+00 2.210829973E+00 0.000000000E+00 0.000000000E+00
 9.318900108E-02 7.515680045E-02 -5.000000000E-01 1.161829948E+00 0.000000000E+00 0.000000000E+00 2.117870092E+00 0.000000000E+00 0.000000000E+00
 9.882669896E-02 7.744310051E-02 -5.000000000E-01 1.167919993E+00 0.000000000E+00 0.000000000E+00 2.022320032E+00 0.000000000E+00 0.000000000E+00
 1.047120020E-01 7.974439859E-02 -5.000000000E-01 1.174239993E+00 0.000000000E+00 0.000000000E+00 1.928560019E+00 0.000000000E+00 0.000000000E+00
 1.108509973E-01 8.205729723E-02 -5.000000000E-01 1.180799961E+00 0.000000000E+00 0.000000000E+00 1.856750011E+00 0.000000000E+00 0.000000000E+00
 1.172489971E-01 8.437760174E-02 -5.000000000E-01 1.187600017E+00 0.000000000E+00 0.000000000E+00 1.791049957E+00 0.000000000E+00 0.000000000E+00
 1.239119992E-01 8.670070022E-02 -5.000000000E-01 1.194659948E+00 0.000000000E+00 0.000000000E+00 1.722730041E+00 0.000000000E+00 0.000000000E+00
 1.308439970E-01 8.902189881E-02 -5.000000000E-01 1.201969981E+00 0.000000000E+00 0.000000000E+00 1.652590036E+00 0.000000000E+00 0.000000000E+00
 1.380500048E-01 9.133680165E-02 -5.000000000E-01 1.209540009E+00 0.000000000E+00 0.000000000E+00 1.589429975E+00 0.000000000E+00 0.000000000E+00
 1.455339938E-01 9.364020079E-02 -5.000000000E-01 1.217370033E+00 0.000000000E+00 0.000000000E+00 1.539379954E+00 0.000000000E+00 0.000000000E+00
 1.533000022E-01 9.592650086E-02 -5.000000000E-01 1.225460052E+00 0.000000000E+00 0.000000000E+00 1.489580035E+00 0.000000000E+00 0.000000000E+00
 1.613499969E-01 9.818980098E-02 -5.000000000E-01 1.233829975E+00 0.000000000E+00 0.000000000E+00 1.438480020E+00 0.000000000E+00 0.000000000E+00
 1.696870029E-01 1.004239991E-01 -5.000000000E-01 1.242460012E+00 0.000000000E+00 0.000000000E+00 1.397099972E+00 0.000000000E+00 0.000000000E+00
 1.783130020E-01 1.026230007E-01 -5.000000000E-01 1.251360059E+00 0.000000000E+00 0.000000000E+00 1.372799993E+00 0.000000000E+00 0.000000000E+00
 1.872279942E-01 1.047779992E-01 -5.000000000E-01 1.260529995E+00 0.000000000E+00 0.000000000E+00 1.349920034E+00 0.000000000E+00 0.000000000E+00
 1.964340061E-01 1.068810001E-01 -5.000000000E-01 1.269970059E+00 0.000000000E+00 0.000000000E+00 1.327010036E+00 0.000000000E+00 0.000000000E+00
 2.059289962E-01 1.089240015E-01 -5.000000000E-01 1.279690027E+00 0.000000000E+00 0.000000000E+00 1.303329945E+00 0.000000000E+00 0.000000000E+00
 2.157129943E-01 1.108980030E-01 -5.000000000E-01 1.289669991E+00 0.000000000E+00 0.000000000E+00 1.279299974E+00 0.000000000E+00 0.000000000E+00
 2.257830054E-01 1.127950028E-01 -5.000000000E-01 1.299909949E+00 0.000000000E+00 0.000000000E+00 1.255159974E+00 0.000000000E+00 0.000000000E+00
 2.361350060E-01 1.146050021E-01 -5.000000000E-01 1.310420036E+00 0.000000000E+00 0.000000000E+00 1.242329955E+00 0.000000000E+00 0.000000000E+00
 2.467650026E-01 1.163190007E-01 -5.000000000E-01 1.321190000E+00 0.000000000E+00 0.000000000E+00 1.240429997E+00 0.000000000E+00 0.000000000E+00
 2.576679885E-01 1.179269999E-01 -5.000000000E-01 1.332209945E+00 0.000000000E+00 0.000000000E+00 1.239619970E+00 0.000000000E+00 0.000000000E+00
 2.688370049E-01 1.194159985E-01 -5.000000000E-01 1.343479991E+00 0.000000000E+00 0.000000000E+00 1.238690019E+00 0.000000000E+00 0.000000000E+00
 2.802650034E-01 1.207770035E-01 -5.000000000E-01 1.354990005E+00 0.000000000E+00 0.000000000E+00 1.238160014E+00 0.000000000E+00 0.000000000E+00
 2.919420004E-01 1.219960004E-01 -5.000000000E-01 1.366729975E+00 0.000000000E+00 0.000000000E+00 1.238029957E+00 0.000000000E+00 0.000000000E+00
 3.038589954E-01 1.230639964E-01 -5.000000000E-01 1.378690004E+00 0.000000000E+00 0.000000000E+00 1.240020037E+00 0.000000000E+00 0.000000000E+00
 3.160029948E-01 1.239700019E-01 -5.000000000E-01 1.390869975E+00 0.000000000E+00 0.000000000E+00 1.243690014E+00 0.000000000E+00 0.000000000E+00
 3.283619881E-01 1.247019991E-01 -5.000000000E-01 1.403249979E+00 0.000000000E+00 0.000000000E+00 1.250000000E+00 0.000000000E+00 0.000000000E+00
 3.409230113E-01 1.252499968E-01 -5.000000000E-01 1.415820003E+00 0.000000000E+00 0.000000000E+00 1.264580011E+00 0.000000000E+00 0.000000000E+00
 3.536689878E-01 1.256009936E-01 -5.000000000E-01 1.428580046E+00 0.000000000E+00 0.000000000E+00 1.281309962E+00 0.000000000E+00 0.000000000E+00
 3.665859997E-01 1.257440001E-01 -5.000000000E-01 1.441490054E+00 0.000000000E+00 0.000000000E+00 1.273020029E+00 0.000000000E+00 0.000000000E+00
 3.796539903E-01 1.256729960E-01 -5.000000000E-01 1.454560041E+00 0.000000000E+00 0.000000000E+00 1.233860016E+00 0.000000000E+00 0.000000000E+00
 3.928560019E-01 1.253869981E-01 -5.000000000E-01 1.467769980E+00 0.000000000E+00 0.000000000E+00 1.189110041E+00 0.000000000E+00 0.000000000E+00
 4.061729908E-01 1.248890013E-01 -5.000000000E-01 1.481089950E+00 0.000000000E+00 0.000000000E+00 1.139989972E+00 0.000000000E+00 0.000000000E+00
 4.195860028E-01 1.241820008E-01 -5.000000000E-01 1.494519949E+00 0.000000000E+00 0.000000000E+00 1.090010047E+00 0.000000000E+00 0.000000000E+00
 4.330759943E-01 1.232720017E-01 -5.000000000E-01 1.508039951E+00 0.000000000E+00 0.000000000E+00 1.044299960E+00 0.000000000E+00 0.000000000E+00
 4.466220140E-01 1.221650019E-01 -5.000000000E-01 1.521639943E+00 0.000000000E+00 0.000000000E+00 1.001870036E+00 0.000000000E+00 0.000000000E+00
 4.602049887E-01 1.208690032E-01 -5.000000000E-01 1.535279989E+00 0.000000000E+00 0.000000000E+00 9.584789872E-01 0.000000000E+00 0.000000000E+00
 4.738059938E-01 1.193900034E-01 -5.000000000E-01 1.548959970E+00 0.000000000E+00 0.000000000E+00 9.123349786E-01 0.000000000E+00 0.000000000E+00
 4.874050021E-01 1.177399978E-01 -5.000000000E-01 1.562659979E+00 0.000000000E+00 0.000000000E+00 8.616070151E-01 0.000000000E+00 0.000000000E+00
 5.009840131E-01 1.159299985E-01 -5.000000000E-01 1.576359987E+00 0.000000000E+00 0.000000000E+00 7.796980143E-01 0.000000000E+00 0.000000000E+00
 5.145249963E-01 1.139770001E-01 -5.000000000E-01 1.590039968E+00 0.000000000E+00 0.000000000E+00 6.805430055E-01 0.000000000E+00 0.000000000E+00
 5.280119777E-01 1.119040027E-01 -5.000000000E-01 1.603690028E+00 0.000000000E+00 0.000000000E+00 6.033040285E-01 0.000000000E+00 0.000000000E+00
 5.414280295E-01 1.097289994E-01 -5.000000000E-01 1.617280006E+00 0.000000000E+00 0.000000000E+00 5.624619722E-01 0.000000000E+00 0.000000000E+00
 5.547569990E-01 1.074630022E-01 -5.000000000E-01 1.630800009E+00 0.000000000E+00 0.000000000E+00 5.257899761E-01 0.000000000E+00 0.000000000E+00
 5.679820180E-01 1.051189974E-01 -5.000000000E-01 1.644230008E+00 0.000000000E+00 0.000000000E+00 4.903219938E-01 0.000000000E+00 0.000000000E+00
 5.810890198E-01 1.027069986E-01 -5.000000000E-01 1.657559991E+00 0.000000000E+00 0.000000000E+00 4.570899904E-01 0.000000000E+00 0.000000000E+00
 5.940610170E-01 1.002380028E-01 -5.000000000E-01 1.670760036E+00 0.000000000E+00 0.000000000E+00 4.239540100E-01 0.000000000E+00 0.000000000E+00
 6.068860292E-01 9.772290289E-02 -5.000000000E-01 1.683830023E+00 0.000000000E+00 0.000000000E+00 3.914510012E-01 0.000000000E+00 0.000000000E+00
 6.195489764E-01 9.517280012E-02 -5.000000000E-01 1.696750045E+00 0.000000000E+00 0.000000000E+00 3.595879972E-01 0.000000000E+00 0.000000000E+00
 6.320379972E-01 9.259770066E-02 -5.000000000E-01 1.709499955E+00 0.000000000E+00 0.000000000E+00 3.263750076E-01 0.000000000E+00 0.000000000E+00
 6.443399787E-01 9.000790119E-02 -5.000000000E-01 1.722069979E+00 0.000000000E+00 0.000000000E+00 2.945510149E-01 0.000000000E+00 0.000000000E+00
 6.564469934E-01 8.741299808E-02 -5.000000000E-01 1.734449983E+00 0.000000000E+00 0.000000000E+00 2.692449987E-01 0.000000000E+00 0.000000000E+00
 6.683459878E-01 8.482129872E-02 -5.000000000E-01 1.746629953E+00 0.000000000E+00 0.000000000E+00 2.477760017E-01 0.000000000E+00 0.000000000E+00
 6.800280213E-01 8.224020153E-02 -5.000000000E-01 1.758589983E+00 0.000000000E+00 0.000000000E+00 2.299499959E-01 0.000000000E+00 0.000000000E+00
 6.914860010E-01 7.967600226E-02 -5.000000000E-01 1.770339966E+00 0.000000000E+00 0.000000000E+00 2.015089989E-01 0.000000000E+00 0.000000000E+00
 7.027099729E-01 7.713639736E-02 -5.000000000E-01 1.781839967E+00 0.000000000E+00 0.000000000E+00 1.680810004E-01 0.000000000E+00 0.000000000E+00
 7.136960030E-01 7.462870330E-02 -5.000000000E-01 1.793110013E+00 0.000000000E+00 0.000000000E+00 1.518200040E-01 0.000000000E+00 0.000000000E+00
 7.244359851E-01 7.215780020E-02 -5.000000000E-01 1.804129958E+00 0.000000000E+00 0.000000000E+00 1.474950016E-01 0.000000000E+00 0.000000000E+00
 7.349259853E-01 6.972680241E-02 -5.000000000E-01 1.814900041E+00 0.000000000E+00 0.000000000E+00 1.618800014E-01 0.000000000E+00 0.000000000E+00
 7.451599836E-01 6.733659655E-02 -5.000000000E-01 1.825410008E+00 0.000000000E+00 0.000000000E+00 1.782339960E-01 0.000000000E+00 0.000000000E+00
 7.551339865E-01 6.498759985E-02 -5.000000000E-01 1.835659981E+00 0.000000000E+00 0.000000000E+00 1.753029972E-01 0.000000000E+00 0.000000000E+00
 7.648450136E-01 6.268230081E-02 -5.000000000E-01 1.845639944E+00 0.000000000E+00 0.000000000E+00 1.681389958E-01 0.000000000E+00 0.000000000E+00
 7.742909789E-01 6.042329967E-02 -5.000000000E-01 1.855350018E+00 0.000000000E+00 0.000000000E+00 1.605069935E-01 0.000000000E+00 0.000000000E+00
 7.834720016E-01 5.821289867E-02 -5.000000000E-01 1.864789963E+00 0.000000000E+00 0.000000000E+00 1.531410068E-01 0.000000000E+00 0.000000000E+00
 7.923859954E-01 5.605319887E-02 -5.000000000E-01 1.873970032E+00 0.000000000E+00 0.000000000E+00 1.467729956E-01 0.000000000E+00 0.000000000E+00
 8.010349870E-01 5.394579843E-02 -5.000000000E-01 1.882869959E+00 0.000000000E+00 0.000000000E+00 1.403439939E-01 0.000000000E+00 0.000000000E+00
 8.094180226E-01 5.189200118E-02 -5.000000000E-01 1.891499996E+00 0.000000000E+00 0.000000000E+00 1.334619969E-01 0.000000000E+00 0.000000000E+00
 8.175380230E-01 4.989309981E-02 -5.000000000E-01 1.899860024E+00 0.000000000E+00 0.000000000E+00 1.252810061E-01 0.000000000E+00 0.000000000E+00
 8.253970146E-01 4.794989899E-02 -5.000000000E-01 1.907960057E+00 0.000000000E+00 0.000000000E+00 1.177200004E-01 0.000000000E+00 0.000000000E+00
 8.329970241E-01 4.606299847E-02 -5.000000000E-01 1.915789962E+00 0.000000000E+00 0.000000000E+00 1.108200029E-01 0.000000000E+00 0.000000000E+00
 8.403409719E-01 4.423300177E-02 -5.000000000E-01 1.923359990E+00 0.000000000E+00 0.000000000E+00 1.045600027E-01 0.000000000E+00 0.000000000E+00
 8.474329710E-01 4.245990142E-02 -5.000000000E-01 1.930670023E+00 0.000000000E+00 0.000000000E+00 9.740930051E-02 0.000000000E+00 0.000000000E+00
 8.542770147E-01 4.074380174E-02 -5.000000000E-01 1.937719941E+00 0.000000000E+00 0.000000000E+00 9.083560109E-02 0.000000000E+00 0.000000000E+00
 8.608779907E-01 3.908430040E-02 -5.000000000E-01 1.944530010E+00 0.000000000E+00 0.000000000E+00 8.371049911E-02 0.000000000E+00 0.000000000E+00
 8.672389984E-01 3.748119995E-02 -5.000000000E-01 1.951089978E+00 0.000000000E+00 0.000000000E+00 7.921110094E-02 0.000000000E+00 0.000000000E+00
 8.733659983E-01 3.593380004E-02 -5.000000000E-01 1.957409978E+00 0.000000000E+00 0.000000000E+00 8.396749943E-02 0.000000000E+00 0.000000000E+00
 8.792639971E-01 3.444100171E-02 -5.000000000E-01 1.963490009E+00 0.000000000E+00 0.000000000E+00 9.021890163E-02 0.000000000E+00 0.000000000E+00
 8.849380016E-01 3.300169855E-02 -5.000000000E-01 1.969339967E+00 0.000000000E+00 0.000000000E+00 9.687270224E-02 0.000000000E+00 0.000000000E+00
 8.903930187E-01 3.161460161E-02 -5.000000000E-01 1.974969983E+00 0.000000000E+00 0.000000000E+00 1.055959985E-01 0.000000000E+00 0.000000000E+00
 8.956350088E-01 3.027850017E-02 -5.000000000E-01 1.980380058E+00 0.000000000E+00 0.000000000E+00 1.180239990E-01 0.000000000E+00 0.000000000E+00
 9.006699920E-01 2.899179980E-02 -5.000000000E-01 1.985579967E+00 0.000000000E+00 0.000000000E+00 1.293340027E-01 0.000000000E+00 0.000000000E+00
 9.055020213E-01 2.775329910E-02 -5.000000000E-01 1.990569949E+00 0.000000000E+00 0.000000000E+00 1.388520002E-01 0.000000000E+00 0.000000000E+00
 9.101399779E-01 2.656169981E-02 -5.000000000E-01 1.995360017E+00 0.000000000E+00 0.000000000E+00 1.463640034E-01 0.000000000E+00 0.000000000E+00
 9.145870209E-01 2.541559935E-02 -5.000000000E-01 1.999950051E+00 0.000000000E+00 0.000000000E+00 1.483169943E-01 0.000000000E+00 0.000000000E+00
 9.188500047E-01 2.431390062E-02 -5.000000000E-01 2.004349947E+00 0.000000000E+00 0.000000000E+00 1.515969932E-01 0.000000000E+00 0.000000000E+00
 9.229350090E-01 2.325540036E-02 -5.000000000E-01 2.008569956E+00 0.000000000E+00 0.000000000E+00 1.516499966E-01 0.000000000E+00 0.000000000E+00
 9.268469810E-01 2.223890088E-02 -5.000000000E-01 2.012609959E+00 0.000000000E+00 0.000000000E+00 1.569660008E-01 0.000000000E+00 0.000000000E+00
 9.305930138E-01 2.126320079E-02 -5.000000000E-01 2.016489983E+00 0.000000000E+00 0.000000000E+00 1.667259932E-01 0.000000000E+00 0.000000000E+00
 9.341790080E-01 2.032699995E-02 -5.000000000E-01 2.020190001E+00 0.000000000E+00 0.000000000E+00 1.793520004E-01 0.000000000E+00 0.000000000E+00
 9.376090169E-01 1.942889951E-02 -5.000000000E-01 2.023740053E+00 0.000000000E+00 0.000000000E+00 1.945620030E-01 0.000000000E+00 0.000000000E+00
 9.408900142E-01 1.856750064E-02 -5.000000000E-01 2.027129889E+00 0.000000000E+00 0.000000000E+00 2.074940056E-01 0.000000000E+00 0.000000000E+00
 9.440259933E-01 1.774170063E-02 -5.000000000E-01 2.030369997E+00 0.000000000E+00 0.000000000E+00 2.187809944E-01 0.000000000E+00 0.000000000E+00
 9.470239878E-01 1.695010066E-02 -5.000000000E-01 2.033469915E+00 0.000000000E+00 0.000000000E+00 2.323929965E-01 0.000000000E+00 0.000000000E+00
 9.498890042E-01 1.619159989E-02 -5.000000000E-01 2.036439896E+00 0.000000000E+00 0.000000000E+00 2.621420026E-01 0.000000000E+00 0.000000000E+00
 9.526259899E-01 1.546480041E-02 -5.000000000E-01 2.039269924E+00 0.000000000E+00 0.000000000E+00 3.036200106E-01 0.000000000E+00 0.000000000E+00
 9.552389979E-01 1.476849988E-02 -5.000000000E-01 2.041970015E+00 0.000000000E+00 0.000000000E+00 3.417659998E-01 0.000000000E+00 0.000000000E+00
 9.577329755E-01 1.410130039E-02 -5.000000000E-01 2.044549942E+00 0.000000000E+00 0.000000000E+00 3.809039891E-01 0.000000000E+00 0.000000000E+00
 9.601140022E-01 1.346199960E-02 -5.000000000E-01 2.047019958E+00 0.000000000E+00 0.000000000E+00 4.145649970E-01 0.000000000E+00 0.000000000E+00
 9.623860121E-01 1.284960005E-02 -5.000000000E-01 2.049370050E+00 0.000000000E+00 0.000000000E+00 4.498200119E-01 0.000000000E+00 0.000000000E+00
 9.645529985E-01 1.226300001E-02 -5.000000000E-01 2.051620007E+00 0.000000000E+00 0.000000000E+00 4.825710058E-01 0.000000000E+00 0.000000000E+00
 9.666200280E-01 1.170120016E-02 -5.000000000E-01 2.053760052E+00 0.000000000E+00 0.000000000E+00 5.113409758E-01 0.000000000E+00 0.000000000E+00
 9.685909748E-01 1.116320025E-02 -5.000000000E-01 2.055799961E+00 0.000000000E+00 0.000000000E+00 5.374900103E-01 0.000000000E+00 0.000000000E+00
 9.704700112E-01 1.064820029E-02 -5.000000000E-01 2.057749987E+00 0.000000000E+00 0.000000000E+00 5.558140278E-01 0.000000000E+00 0.000000000E+00
 9.722610116E-01 1.015520003E-02 -5.000000000E-01 2.059609890E+00 0.000000000E+00 0.000000000E+00 5.709670186E-01 0.000000000E+00 0.000000000E+00
 9.739680290E-01 9.683470242E-03 -5.000000000E-01 2.061379910E+00 0.000000000E+00 0.000000000E+00 6.034359932E-01 0.000000000E+00 0.000000000E+00
 9.755939841E-01 9.232199751E-03 -5.000000000E-01 2.063070059E+00 0.000000000E+00 0.000000000E+00 6.030690074E-01 0.000000000E+00 0.000000000E+00
 9.771440029E-01 8.800580166E-03 -5.000000000E-01 2.064680099E+00 0.000000000E+00 0.000000000E+00 6.396980286E-01 0.000000000E+00 0.000000000E+00
 9.786199927E-01 8.387870155E-03 -5.000000000E-01 2.066210032E+00 0.000000000E+00 0.000000000E+00 6.378740072E-01 0.000000000E+00 0.000000000E+00
 9.800249934E-01 7.993330248E-03 -5.000000000E-01 2.067670107E+00 0.000000000E+00 0.000000000E+00 6.934620142E-01 0.000000000E+00 0.000000000E+00
 9.813640118E-01 7.616200019E-03 -5.000000000E-01 2.069060087E+00 0.000000000E+00 0.000000000E+00 7.843430042E-01 0.000000000E+00 0.000000000E+00
 9.826380014E-01 7.255650125E-03 -5.000000000E-01 2.070379972E+00 0.000000000E+00 0.000000000E+00 8.871560097E-01 0.000000000E+00 0.000000000E+00
 9.838520288E-01 6.910920143E-03 -5.000000000E-01 2.071650028E+00 0.000000000E+00 0.000000000E+00 9.663040042E-01 0.000000000E+00 0.000000000E+00
 9.850069880E-01 6.581279915E-03 -5.000000000E-01 2.072849989E+00 0.000000000E+00 0.000000000E+00 1.075430036E+00 0.000000000E+00 0.000000000E+00
 9.861059785E-01 6.266070064E-03 -5.000000000E-01 2.073990107E+00 0.000000000E+00 0.000000000E+00 1.169350028E+00 0.000000000E+00 0.000000000E+00
 9.871519804E-01 5.964640062E-03 -5.000000000E-01 2.075079918E+00 0.000000000E+00 0.000000000E+00 1.373489976E+00 0.000000000E+00 0.000000000E+00
 9.881470203E-01 5.676279776E-03 -5.000000000E-01 2.076109886E+00 0.000000000E+00 0.000000000E+00 1.649359941E+00 0.000000000E+00 0.000000000E+00
 9.890940189E-01 5.400230177E-03 -5.000000000E-01 2.077100039E+00 0.000000000E+00 0.000000000E+00 1.955450058E+00 0.000000000E+00 0.000000000E+00
 9.899939895E-01 5.135819782E-03 -5.000000000E-01 2.078039885E+00 0.000000000E+00 0.000000000E+00 2.246099949E+00 0.000000000E+00 0.000000000E+00
 9.908509851E-01 4.882469773E-03 -5.000000000E-01 2.078929901E+00 0.000000000E+00 0.000000000E+00 2.435450077E+00 0.000000000E+00 0.000000000E+00
 9.916650057E-01 4.639650229E-03 -5.000000000E-01 2.079780102E+00 0.000000000E+00 0.000000000E+00 2.698100090E+00 0.000000000E+00 0.000000000E+00
 9.924389720E-01 4.406900145E-03 -5.000000000E-01 2.080590010E+00 0.000000000E+00 0.000000000E+00 2.898119926E+00 0.000000000E+00 0.000000000E+00
 9.931750298E-01 4.183810204E-03 -5.000000000E-01 2.081360102E+00 0.000000000E+00 0.000000000E+00 3.041939974E+00 0.000000000E+00 0.000000000E+00
 9.938750267E-01 3.969970159E-03 -5.000000000E-01 2.082089901E+00 0.000000000E+00 0.000000000E+00 3.172339916E+00 0.000000000E+00 0.000000000E+00
 9.945399761E-01 3.765040077E-03 -5.000000000E-01 2.082789898E+00 0.000000000E+00 0.000000000E+00 3.287580013E+00 0.000000000E+00 0.000000000E+00
 9.951729774E-01 3.568730084E-03 -5.000000000E-01 2.083450079E+00 0.000000000E+00 0.000000000E+00 3.354350090E+00 0.000000000E+00 0.000000000E+00
 9.957730174E-01 3.380720038E-03 -5.000000000E-01 2.084079981E+00 0.000000000E+00 0.000000000E+00 3.380729914E+00 0.000000000E+00 0.000000000E+00
 9.963449836E-01 3.200720064E-03 -5.000000000E-01 2.084680080E+00 0.000000000E+00 0.000000000E+00 3.857759953E+00 0.000000000E+00 0.000000000E+00
 9.968870282E-01 3.028329927E-03 -5.000000000E-01 2.085249901E+00 0.000000000E+00 0.000000000E+00 4.229650021E+00 0.000000000E+00 0.000000000E+00
 9.974030256E-01 2.863160102E-03 -5.000000000E-01 2.085789919E+00 0.000000000E+00 0.000000000E+00 4.885139942E+00 0.000000000E+00 0.000000000E+00
 9.978929758E-01 2.704859944E-03 -5.000000000E-01 2.086299896E+00 0.000000000E+00 0.000000000E+00 5.146460056E+00 0.000000000E+00 0.000000000E+00
 9.983580112E-01 2.553130034E-03 -5.000000000E-01 2.086790085E+00 0.000000000E+00 0.000000000E+00 4.763480186E+00 0.000000000E+00 0.000000000E+00
 9.988009930E-01 2.407880034E-03 -5.000000000E-01 2.087260008E+00 0.000000000E+00 0.000000000E+00 3.329659939E+00 0.000000000E+00 0.000000000E+00
 9.992210269E-01 2.269139979E-03 -5.000000000E-01 2.087699890E+00 0.000000000E+00 0.000000000E+00 2.261159897E+00 0.000000000E+00 0.000000000E+00
 9.996200204E-01 2.136840019E-03 -5.000000000E-01 2.088119984E+00 0.000000000E+00 0.000000000E+00 1.037070036E+00 0.000000000E+00 0.000000000E+00
 1.000000000E+00 2.010900062E-03 -5.000000000E-01 2.088520050E+00 0.000000000E+00 0.000000000E+00 0.000000000E+00 0.000000000E+00 0.000000000E+00
